/开发 本地训练数据生成服务

在本地生成数据
一，货单数据要素
01.提交/批量提交
02.结算审核单/货单结算审核单/货单审核单/货单结算审核/货单
03.的
04.项目XX/XX项目/是XX项目/项目是XX，其中XX是随机的字符串，汉字的组合，有意义的，长度至少是2，可以是多个项目，中间使用逗号或者顿号分隔
05.审核单XX/XX审核单/审核单号是XX/XX的审核单/单XX/单号为XX/单号是XX/结算审核单XX/XX结算审核单/结算审核单为XX/结算审核单是XX/结算单XX/XX结算单/结算单为XX/结算单是XX。其中XX是随机的字符串，大写字母和数字的组合，长度至少是4，可以有特殊符号[-]，可以是多个单号，中间使用逗号或者顿号分隔
06.送货单号XX/送货单号为XX/供应商送货单号XX/供应商送货单号为XX。其中XX是随机的字符串，大写字母和数字的组合，长度至少是4，可包含字符[-]，可以是多个单号，中间使用逗号或者顿号分隔；YY是随机的数字，大于零，有意义的，最多可以有4位小数，范围是1～100,000之间
07.状态为待提交/全部状态为待提交/待提交/可提交
08.没有价格调整/不存在价格调整/不需要价格调整
09.发货时间在/发货日期在/发货日在/送货时间在/送货日期在/送货日在/货单创建时间在/货单创建日期在
10.收货日在/收货日期在/收货时间在/执行收货时间
11.最近5天/最近五天/最近两星期/最近一个月/最近三个月/最近六个月/最近一年/最近1个月/最近2个月/最近5个月/上个月/上个季度/去年/上个年度/上个星期/前半个月/今年/本月/这个月/这周/超过一个月/一个月以前/三个月以前/超过三个月
12.创建/发货/执行发货/送货
13.收货/执行收货/完成收货

二、要素组合规则


三、要素组合要求。对01要素里的每一种操作，都需要生成30-40个具体问题
(1)	01	02	04	05		
(2)	01	04	05	03	02	
(3)	01	02	04	06		
(4)	01	04	06	03	02	
(5)	01	02	04	07		
(6)	01	04	07	03	02	
(7)	01	02	04	07	08	
(8)	01	04	07	08	03	02
(9)	01	04	08	07	03	02
(10)	01	02	04	09	11	
(11)	01	02	04	11	12	
(12)	01	04	09	10	03	02
(13)	01	04	11	12	03	02
(14)	01	02	04	(09&11)|08		
(15)	01	02	04	(11&12)|08		
(16)	01	04	(09&11)|08	03	02	
(17)	01	04	(11&12)|08	03	02	
(18)	01	02	04	10	11	
(19)	01	02	04	11	13	
(20)	01	04	10	10	03	02
(21)	01	04	11	13	03	02
(22)	01	02	04	(10&11)|08		
(23)	01	02	04	(11&13)|08		
(24)	01	04	(10&11)|08	03	02	
(25)	01	04	(11&13)|08	03	02	

四、举例
提交盛和湾区大厦项目，送货单号的26012、28018-7、522001、524021的货单审核单
批量提交盛和湾区大厦项目，发货时间超过一个月，没有价格调整的货单

五，问题解析的格式
操作：呼应01，默认为“提交审核”
对象：呼应02，默认为“货单结算审核单”（对象识别为“货单”时，如果操作为提交审核，需要默认转化为“货单结算审核单”）
项目：呼应04
供应商：无
对象提交状态：呼应07，默认为“待提交”
对象提交时间：无
材料状态：无
材料类型：无
材料工艺图：无
材料工程属性：无
材料编号：无
对象金额：无
材料AI金额条件：无
对象审核单类型：无
材料是否异型：无
材料是否超长超宽：无
对象单号：呼应05
网版费：无
其他费用说明：无
人员姓名：无
人员工号：无
角色信息：无
人员项目：无
送货单号：呼应06
材料总价差值：呼应08
发货时间：呼应（09+11）/呼应（11+12）
收货时间：呼应（10+11）/呼应（11+13）

