/开发 本地训练数据生成服务

在本地生成数据
一，统计订单数据要素
01.统计/汇总/汇总统计
02.订单/订单预结算审核单/订单审核单/预审单/预结算审核单/订单预结算审核单/订单预审单
03.的
04.和
05.金额/总金额/数量/件数/总数量/总件数/总金额、总数量/金额、数量
06.重量/总重量
07.面积/总面积
08.平均行情价
09.平均铝锭价
10.项目XX/XX项目/是XX项目/项目是XX/，其中XX是随机的字符串，汉字的组合，有意义的，长度至少是2，可以是多个项目，中间使用逗号或者顿号分隔
11.供应商XX/XX供应商/供应商是XX/XX的/供应商是XX的，其中XX是随机的字符串，汉字的组合，有意义的，长度至少是2，可以是多个，中间使用逗号或者顿号分隔
12.常规附件/附件/非常规附件/非常规/玻璃/不锈钢/辅材/材料类型为常规附件/材料类型为附件/材料类型为非常规附件/材料类型为非常规/材料类型为玻璃/材料类型为不锈钢/材料类型为辅材
13.铝型材/型材/材料类型为铝型材
14.钢材/材料类型为钢材
15.玻璃/材料类型为玻璃
16.已完成审核/完成审核/已结算/还没审核/待审核/待结算
17.下单时间在/下单日期在/下单日在/订单创建时间在/订单创建日期在/订单下单时间在/订单下单日期在/订单下单日在
18.最近5天/最近五天/最近两星期/最近一个月/最近三个月/最近六个月/最近一年/最近1个月/最近2个月/最近5个月/上个月/上个季度/去年/上个年度/上个星期/前半个月/今年/本月/这个月/这周/2024年/2025年/2025年第一季度
19.下单/创建

二、要素组合规则
"统计订单：裂变组合的要求，“；“之间不可以调换顺序，“|”之间可以任意调换顺序，“(x&y)""表示x和y元素必须按顺序捆绑出现";;;;;;;;;;;;;
描述;规则;;;;;;;;;;;;
统计项目的订单总金额/数量;(1);01;10;03;02;05;;;;;;;
统计项目+供应商的订单总金额/数量;(2);01;10|11;03;02;05;;;;;;;
统计项目+状态的订单总金额/数量;(3);01;10|16;03;02;05;;;;;;;
统计项目+下单时间的订单总金额/数量;(4);01;10|(17&18);03;02;05;;;;;;;
统计项目+下单时间的订单总金额/数量;(5);01;10|(18&19);03;02;05;;;;;;;
统计项目+材料类型的订单总金额/数量;(6);01;10|12;03;02;05;;;;;;;
统计项目+材料类型的订单总金额/数量;(7);01;10|13;03;02;05;;;;;;;
统计项目+材料类型的订单总金额/数量;(8);01;10|14;03;02;05;;;;;;;
统计项目+材料类型的订单总金额/数量;(9);01;10|15;03;02;05;;;;;;;
统计项目+材料类型的订单总金额/数量和重量;(10);01;10|13;03;02;05;04;06;;;;;
统计项目+材料类型的订单总金额/数量和重量;(11);01;10|14;03;02;05;04;06;;;;;
统计项目+材料类型的订单总金额/数量和面积;(12);01;10|15;03;02;05;04;07;;;;;
统计项目+供应商+材料的订单总金额/数量;(13);01;10|11|12;03;02;05;;;;;;;
统计项目+供应商+材料的订单总金额/数量;(14);01;10|11|13;03;02;05;;;;;;;
统计项目+供应商+材料的订单总金额/数量;(15);01;10|11|14;03;02;05;;;;;;;
统计项目+供应商+材料的订单总金额/数量;(16);01;10|11|15;03;02;05;;;;;;;
统计项目+供应商+材料的订单总金额/数量和重量;(17);01;10|11|13;03;02;05;04;06;;;;;
统计项目+供应商+材料的订单总金额/数量和重量;(18);01;10|11|14;03;02;05;04;06;;;;;
统计项目+供应商+材料的订单总金额/数量和面积;(19);01;10|11|15;03;02;05;04;07;;;;;
统计项目+供应商+下单时间的订单总金额/数量;(20);01;10|11|(17&18);03;02;05;;;;;;;
统计项目+供应商+下单时间的订单总金额/数量;(21);01;10|11|(18&19);03;02;05;;;;;;;
统计项目+供应商+状态的订单总金额/数量;(22);01;10|11|16;03;02;05;;;;;;;
统计项目+材料类型+状态的订单总金额/数量;(23);01;10|16|12;03;02;05;;;;;;;
统计项目+材料类型+状态的订单总金额/数量;(24);01;10|16|13;03;02;05;;;;;;;
统计项目+材料类型+状态的订单总金额/数量;(25);01;10|16|14;03;02;05;;;;;;;
统计项目+材料类型+状态的订单总金额/数量;(26);01;10|16|15;03;02;05;;;;;;;
统计项目+材料类型+状态的订单总金额/数量和重量;(27);01;10|16|13;03;02;05;04;06;;;;;
统计项目+材料类型+状态的订单总金额/数量和重量;(28);01;10|16|14;03;02;05;04;06;;;;;
统计项目+材料类型+状态的订单总金额/数量和面积;(29);01;10|16|15;03;02;05;04;07;;;;;
统计项目+状态+下单时间的订单总金额/数量;(30);01;10|16|(17&18);03;02;05;;;;;;;
统计项目+状态+下单时间的订单总金额/数量;(31);01;10|16|(18&19);03;02;05;;;;;;;
统计项目+材料类型+下单时间的订单总金额/数量;(32);01;10|12|(17&18);03;02;05;;;;;;;
统计项目+材料类型+下单时间的订单总金额/数量;(33);01;10|13|(17&18);03;02;05;;;;;;;
统计项目+材料类型+下单时间的订单总金额/数量;(34);01;10|14|(17&18);03;02;05;;;;;;;
统计项目+材料类型+下单时间的订单总金额/数量;(35);01;10|15|(17&18);03;02;05;;;;;;;
统计项目+材料类型+下单时间的订单总金额/数量;(36);01;10|12|(18&19);03;02;05;;;;;;;
统计项目+材料类型+下单时间的订单总金额/数量;(37);01;10|13|(18&19);03;02;05;;;;;;;
统计项目+材料类型+下单时间的订单总金额/数量;(38);01;10|14|(18&19);03;02;05;;;;;;;
统计项目+材料类型+下单时间的订单总金额/数量;(39);01;10|15|(18&19);03;02;05;;;;;;;
统计项目+材料类型+下单时间的订单总金额/数量和重量;(40);01;10|13|(17&18);03;02;05;04;06;;;;;
统计项目+材料类型+下单时间的订单总金额/数量和重量;(41);01;10|14|(17&18);03;02;05;04;06;;;;;
统计项目+材料类型+下单时间的订单总金额/数量和面积;(42);01;10|15|(17&18);03;02;05;04;07;;;;;
统计项目+材料类型+下单时间的订单总金额/数量和重量;(43);01;10|13|(18&19);03;02;05;04;06;;;;;
统计项目+材料类型+下单时间的订单总金额/数量和重量;(44);01;10|14|(18&19);03;02;05;04;06;;;;;
统计项目+材料类型+下单时间的订单总金额/数量和面积;(45);01;10|15|(18&19);03;02;05;04;07;;;;;
统计项目+材料类型+下单时间+状态的订单总金额/数量;(46);01;10|16|12|(17&18);03;02;05;;;;;;;
统计项目+材料类型+下单时间+状态的订单总金额/数量;(47);01;10|16|13|(17&18);03;02;05;;;;;;;
统计项目+材料类型+下单时间+状态的订单总金额/数量;(48);01;10|16|14|(17&18);03;02;05;;;;;;;
统计项目+材料类型+下单时间+状态的订单总金额/数量;(49);01;10|16|15|(17&18);03;02;05;;;;;;;
统计项目+材料类型+下单时间+状态的订单总金额/数量;(50);01;10|16|12|(18&19);03;02;05;;;;;;;
统计项目+材料类型+下单时间+状态的订单总金额/数量;(51);01;10|16|13|(18&19);03;02;05;;;;;;;
统计项目+材料类型+下单时间+状态的订单总金额/数量;(52);01;10|16|14|(18&19);03;02;05;;;;;;;
统计项目+材料类型+下单时间+状态的订单总金额/数量;(53);01;10|16|15|(18&19);03;02;05;;;;;;;
统计项目+材料类型+下单时间+状态的订单总金额/数量和重量;(54);01;10|16|13|(17&18);03;02;05;04;06;;;;;
统计项目+材料类型+下单时间+状态的订单总金额/数量和重量;(55);01;10|16|14|(17&18);03;02;05;04;06;;;;;
统计项目+材料类型+下单时间+状态的订单总金额/数量和面积;(56);01;10|16|15|(17&18);03;02;05;04;07;;;;;
统计项目+材料类型+下单时间+状态的订单总金额/数量和重量;(57);01;10|16|13|(18&19);03;02;05;04;06;;;;;
统计项目+材料类型+下单时间+状态的订单总金额/数量和重量;(58);01;10|16|14|(18&19);03;02;05;04;06;;;;;
统计项目+材料类型+下单时间+状态的订单总金额/数量和面积;(59);01;10|16|15|(18&19);03;02;05;04;07;;;;;
统计项目+供应商+材料类型+下单时间的订单总金额/数量;(60);01;10|11|12|(17&18);03;02;05;;;;;;;
统计项目+供应商+材料类型+下单时间的订单总金额/数量;(61);01;10|11|13|(17&18);03;02;05;;;;;;;
统计项目+供应商+材料类型+下单时间的订单总金额/数量;(62);01;10|11|14|(17&18);03;02;05;;;;;;;
统计项目+供应商+材料类型+下单时间的订单总金额/数量;(63);01;10|11|15|(17&18);03;02;05;;;;;;;
统计项目+供应商+材料类型+下单时间的订单总金额/数量;(64);01;10|11|12|(18&19);03;02;05;;;;;;;
统计项目+供应商+材料类型+下单时间的订单总金额/数量;(65);01;10|11|13|(18&19);03;02;05;;;;;;;
统计项目+供应商+材料类型+下单时间的订单总金额/数量;(66);01;10|11|14|(18&19);03;02;05;;;;;;;
统计项目+供应商+材料类型+下单时间的订单总金额/数量;(67);01;10|11|15|(18&19);03;02;05;;;;;;;
统计项目+供应商+材料类型+下单时间的订单总金额/数量和重量;(68);01;10|11|13|(17&18);03;02;05;04;06;;;;;
统计项目+供应商+材料类型+下单时间的订单总金额/数量和重量;(69);01;10|11|14|(17&18);03;02;05;04;06;;;;;
统计项目+供应商+材料类型+下单时间的订单总金额/数量和面积;(70);01;10|11|15|(17&18);03;02;05;04;07;;;;;
统计项目+供应商+材料类型+下单时间的订单总金额/数量和重量;(71);01;10|11|13|(18&19);03;02;05;04;06;;;;;
统计项目+供应商+材料类型+下单时间的订单总金额/数量和重量;(72);01;10|11|14|(18&19);03;02;05;04;06;;;;;
统计项目+供应商+材料类型+下单时间的订单总金额/数量和面积;(73);01;10|11|15|(18&19);03;02;05;04;07;;;;;
统计项目+供应商+状态+下单时间的订单总金额/数量;(74);01;10|11|16|(17&18);03;02;05;;;;;;;
统计项目+供应商+状态+下单时间的订单总金额/数量;(75);01;10|11|16|(18&19);03;02;05;;;;;;;
统计项目+供应商+材料类型+状态的订单总金额/数量;(76);01;10|11|12|16;03;02;05;;;;;;;
统计项目+供应商+材料类型+状态的订单总金额/数量;(77);01;10|11|13|16;03;02;05;;;;;;;
统计项目+供应商+材料类型+状态的订单总金额/数量;(78);01;10|11|14|16;03;02;05;;;;;;;
统计项目+供应商+材料类型+状态的订单总金额/数量;(79);01;10|11|15|16;03;02;05;;;;;;;
统计项目+供应商+材料类型+状态的订单总金额/数量和重量;(80);01;10|11|13|16;03;02;05;04;06;;;;;
统计项目+供应商+材料类型+状态的订单总金额/数量和重量;(81);01;10|11|14|16;03;02;05;04;06;;;;;
统计项目+供应商+材料类型+状态的订单总金额/数量和面积;(82);01;10|11|15|16;03;02;05;04;07;;;;;
统计项目+供应商+材料类型+下单时间+状态的订单总金额/数量;(83);01;10|11|16|12|(17&18);03;02;05;;;;;;;
统计项目+供应商+材料类型+下单时间+状态的订单总金额/数量;(84);01;10|11|16|13|(17&18);03;02;05;;;;;;;
统计项目+供应商+材料类型+下单时间+状态的订单总金额/数量;(85);01;10|11|16|14|(17&18);03;02;05;;;;;;;
统计项目+供应商+材料类型+下单时间+状态的订单总金额/数量;(86);01;10|11|16|15|(17&18);03;02;05;;;;;;;
统计项目+供应商+材料类型+下单时间+状态的订单总金额/数量;(87);01;10|11|16|12|(18&19);03;02;05;;;;;;;
统计项目+供应商+材料类型+下单时间+状态的订单总金额/数量;(88);01;10|11|16|13|(18&19);03;02;05;;;;;;;
统计项目+供应商+材料类型+下单时间+状态的订单总金额/数量;(89);01;10|11|16|14|(18&19);03;02;05;;;;;;;
统计项目+供应商+材料类型+下单时间+状态的订单总金额/数量;(90);01;10|11|16|15|(18&19);03;02;05;;;;;;;
统计项目+供应商+材料类型+下单时间+状态的订单总金额/数量和重量;(91);01;10|11|16|13|(17&18);03;02;05;04;06;;;;;
统计项目+供应商+材料类型+下单时间+状态的订单总金额/数量和重量;(92);01;10|11|16|14|(17&18);03;02;05;04;06;;;;;
统计项目+供应商+材料类型+下单时间+状态的订单总金额/数量和面积;(93);01;10|11|16|15|(17&18);03;02;05;04;07;;;;;
统计项目+供应商+材料类型+下单时间+状态的订单总金额/数量和重量;(94);01;10|11|16|13|(18&19);03;02;05;04;06;;;;;
统计项目+供应商+材料类型+下单时间+状态的订单总金额/数量和重量;(95);01;10|11|16|14|(18&19);03;02;05;04;06;;;;;
统计项目+供应商+材料类型+下单时间+状态的订单总金额/数量和面积;(96);01;10|11|16|15|(18&19);03;02;05;04;07;;;;;
统计项目+铝型材的平均铝锭价;(97);01;10|13;03;02;09;;;;;;;
统计项目+供应商+铝型材的平均铝锭价;(98);01;10|11|13;03;02;09;;;;;;;
统计项目+状态+铝型材的平均铝锭价;(99);01;10|16|13;03;02;09;;;;;;;
统计项目+下单时间+铝型材的平均铝锭价;(100);01;10|(17&18)|13;03;02;09;;;;;;;
统计项目+下单时间+铝型材的平均铝锭价;(101);01;10|(18&19)|13;03;02;09;;;;;;;
统计项目+供应商+状态+铝型材的平均铝锭价;(102);01;10|11|13|16;03;02;09;;;;;;;
统计项目+供应商+下单时间+铝型材的平均铝锭价;(103);01;10|11|(17&18)|13;03;02;09;;;;;;;
统计项目+供应商+下单时间+铝型材的平均铝锭价;(104);01;10|11|(18&19)|13;03;02;09;;;;;;;
统计项目+状态+下单时间+铝型材的平均铝锭价;(105);01;10|16|(17&18)|13;03;02;09;;;;;;;
统计项目+状态+下单时间+铝型材的平均铝锭价;(106);01;10|16|(18&19)|13;03;02;09;;;;;;;
统计项目+供应商+状态+下单时间+铝型材的平均铝锭价;(107);01;10|11|16|(17&18)|13;03;02;09;;;;;;;
统计项目+供应商+状态+下单时间+铝型材的平均铝锭价;(108);01;10|11|16|(18&19)|13;03;02;09;;;;;;;
统计项目+钢材的平均行情价;(109);01;10|13;03;02;08;;;;;;;
统计项目+供应商+钢材的平均行情价;(110);01;10|11|13;03;02;08;;;;;;;
统计项目+状态+钢材的平均行情价;(111);01;10|16|13;03;02;08;;;;;;;
统计项目+下单时间+钢材的平均行情价;(112);01;10|(17&18)|13;03;02;08;;;;;;;
统计项目+下单时间+钢材的平均行情价;(113);01;10|(18&19)|13;03;02;08;;;;;;;
统计项目+供应商+状态+钢材的平均行情价;(114);01;10|11|13|16;03;02;08;;;;;;;
统计项目+供应商+下单时间+钢材的平均行情价;(115);01;10|11|(17&18)|13;03;02;08;;;;;;;
统计项目+供应商+下单时间+钢材的平均行情价;(116);01;10|11|(18&19)|13;03;02;08;;;;;;;
统计项目+状态+下单时间+钢材的平均行情价;(117);01;10|16|(17&18)|13;03;02;08;;;;;;;
统计项目+状态+下单时间+钢材的平均行情价;(118);01;10|16|(18&19)|13;03;02;08;;;;;;;
统计项目+供应商+状态+下单时间+钢材的平均行情价;(119);01;10|11|16|(17&18)|13;03;02;08;;;;;;;
统计项目+供应商+状态+下单时间+钢材的平均行情价;(120);01;10|11|16|(18&19)|13;03;02;08;;;;;;;
统计项目+玻璃的平均行情价;(121);01;10|13;03;02;08;;;;;;;
统计项目+供应商+玻璃的平均行情价;(122);01;10|11|13;03;02;08;;;;;;;
统计项目+状态+玻璃的平均行情价;(123);01;10|16|13;03;02;08;;;;;;;
统计项目+下单时间+玻璃的平均行情价;(124);01;10|(17&18)|13;03;02;08;;;;;;;
统计项目+下单时间+玻璃的平均行情价;(125);01;10|(18&19)|13;03;02;08;;;;;;;
统计项目+供应商+状态+玻璃的平均行情价;(126);01;10|11|13|16;03;02;08;;;;;;;
统计项目+供应商+下单时间+玻璃的平均行情价;(127);01;10|11|(17&18)|13;03;02;08;;;;;;;
统计项目+供应商+下单时间+玻璃的平均行情价;(128);01;10|11|(18&19)|13;03;02;08;;;;;;;
统计项目+状态+下单时间+玻璃的平均行情价;(129);01;10|16|(17&18)|13;03;02;08;;;;;;;
统计项目+状态+下单时间+玻璃的平均行情价;(130);01;10|16|(18&19)|13;03;02;08;;;;;;;
统计项目+供应商+状态+下单时间+玻璃的平均行情价;(131);01;10|11|16|(17&18)|13;03;02;08;;;;;;;
统计项目+供应商+状态+下单时间+玻璃的平均行情价;(132);01;10|11|16|(18&19)|13;03;02;08;;;;;;;


三、要素组合要求
无

四、举例
统计文化广场项目，铝型材，已审核通过的订单总重量和总金额
统计文化广场项目，铝型材，待审核的订单总重量和总金额
统计文化广场项目，铝型材的订单总重量和总金额
统计文化广场项目的订单总重量和总金额
统计文化广场项目，铝型材，已审核通过的订单平均铝锭价
统计文化广场项目，铝型材，待审核的订单平均铝锭价
统计文化广场项目，铝型材的订单平均铝锭价
统计文化广场项目，钢材，已审核通过的订单平均行情价
统计文化广场项目，玻璃的订单平均行情价

五，问题解析的格式
操作：呼应01和05/呼应01和06/呼应01和07/呼应01和08/呼应01和09
对象：呼应02（默认为：订单预结算审核单）
项目：呼应10
供应商：呼应11
对象状态：呼应16。“已完成审核/完成审核/已结算”时默认为“审核通过”；“待审核/待结算/还没审核”时默认为“待成本审核”；没有指定状态时，默认只查询“审核通过”和“待成本审核”两种状态
对象审核单类型：无
对象提交时间：无
对象审核时间：无
对象发货时间：无
对象下单时间：呼应（17&18）/呼应（18&19）
材料状态：无
材料类型：呼应12/呼应13/呼应14/呼应15
材料工艺图：无
材料工程属性：无
材料所属订单：无
材料编号：无
对象金额：无
对象附加费用：无
材料AI金额条件：无
对象审核单类型：无
材料是否异型：无
材料是否超长超宽：无
对象单号：无
送货单号：无
运费：无
其他费用：无
其他费用说明：无

六、生成问题不需要加逗号的组合。比如01,02表示的是，02紧接在01后面时，中间不需要加逗号。其余要素之间都加逗号分隔
在平台上自行添加

七、问题模板
简单版模板：
复杂版模板：

八、计算逻辑
1.统计总金额：根据用户提出的条件筛选得到符合要求的审核单后，对订单预结算审核单的“预结算总金额”进行求和
2.统计总数量：根据用户提出的条件筛选得到符合要求的审核单后，对订单预结算审核单的“总下单量”进行求和
3.统计铝型材的平均铝锭单价：根据用户提出的条件筛选得到符合要求的审核单后，找到所有相关的材料明细，平均铝锭单价（元/kg）=sum(铝锭费用)/sum(单件重量*采购数量）
   - 铝锭费用，为行的铝锭费用小计
   - 单件重量=线密度（kg/m）*订购尺寸/1000
4.统计钢材的平均行情价：根据用户提出的条件筛选得到符合要求的审核单后，找到所有相关的材料明细，钢材平均行情价（元/kg）=sum(下单日市场行情价*审核单总重量)/sum(审核单的总重量）
5.统计玻璃的平均行情价：根据用户提出的条件筛选得到符合要求的审核单后，找到所有相关的材料明细，玻璃平均行情价（元/kg）=sum(行情价*审核单总重量)/sum(审核单的总重量）
   - 白玻、超白玻两种基片分别获取行情价，需要分别计算
   - 审核单中白玻的总重量=sum（面积*白玻厚度*2.5）
   - 审核单中超白玻的总重量=sum（面积*超白玻厚度*2.5）
