/开发 本地训练数据生成服务

在本地生成数据
一，货单数据要素
01.查询/查/看/帮我查下/查一下/找一下/找出/列出
02.货单/货单信息审核单/货单审核单/发货单/结算审核单/结算单/货单结算审核单/货单结算单
03.项目XX/XX项目/是XX项目/项目是XX/，其中XX是随机的字符串，汉字的组合，有意义的，长度至少是2，可以是多个项目，中间使用逗号或者顿号分隔
04.供应商XX/XX/XX供应商/供应商是XX/XX的/供应商是XX的/是XX的，其中XX是随机的字符串，汉字的组合，有意义的，长度至少是2，可以是多个，中间使用逗号或者顿号分隔
05.状态是审核通过/状态是驳回/状态是待审核/状态是待审/状态是已审核/状态是已驳回/状态是审核不通过
（单号）
06.单XX/XX单/单号是XX/XX的单/发货单XX/XX发货单/发货单为XX/发货单是XX/结算单XX/XX结算单/结算单为XX/结算单是XX。其中XX是随机的字符串，大写字母和数字的组合，长度至少是2，可以是多个单号，中间使用逗号或者顿号分隔
07.送货单号XX/送货单号为XX/供应商送货单号XX/供应商送货单号为XX。其中XX是随机的字符串，大写字母和数字的组合，长度至少是2，可以是多个单号，中间使用逗号或者顿号分隔
（总金额）
08.总金额/结算总金额/货单总金额
09.等于XX/为XX/是XX/大于XX/大于等于XX/小于XX/小于等于XX/在XX左右/在XX以内/XX以内/超过XX/超过XX/在XX至XX。其中XX是随机的数字，大于零，有意义的，可以有4位小数，范围是100～10，000，000之间
（时间）
10.提交日在/提交日期在/提交时间在
11.审核时间在/审核结束时间在/驳回时间在/处理时间在/通过时间在/审核通过时间在/审核日期在/审核结束日期在/驳回日期在/处理日期在/通过日期在/审核通过日期在
12.发货时间在/发货日期在/发货日在/送货时间在/送货日期在/送货日在/货单创建时间在/货单创建日期在
13.最近5天/最近五天/最近两星期/最近一个月/最近三个月/最近六个月/最近一年/最近1个月/最近2个月/最近5个月/上个月/上个季度/去年/上个年度/上个星期/前半个月/今年/本月/这个月/这周
14.提交的/创建的
15.审核的/通过的/审核通过的/驳回的/审核结束的/处理的/处理完成的/执行审核的/完成审核的
16.发货的/执行发货的/送货的/创建的货单

（详情）
17.材料所属订单XX/包含订单XX/含有订单XX/含订单XX/材料所属订单编号XX/包含订单编号XX/含有订单编号XX/含订单编号XX/材料所属订单号XX/包含订单号XX/含有订单号XX/含订单号XX。其中XX是随机的字符串，大写字母和数字的组合，长度至少是2，可以是多个单号，中间使用逗号或者顿号分隔
18.编号XX/材料编号是XX/材料编号是XX，其中XX是随机的字符串，英文字母和数字的组合，可以有特殊符号，分别是[-$#()]，有意义的，长度至少是5，可以是多个，中间使用逗号或者顿号分隔
19.工艺图是XX/图纸XX/XX工艺图/XX图纸/图XX/XX图，英文字母,汉字和数字的组合，可以有特殊符号，分别是[-$#(.)]，有意义的，长度至少是2，可以是多个，中间使用逗号或者顿号分隔
20.工程属性XX/工程属性是XX，英文字母,汉字和数字的组合，可以有特殊符号，分别是[-$#(.)]，有意义的，长度至少是10
（附加费用）
21.有其他费用/存在其他费用/其他费用大于0/没有其他费用
22有运费/存在运费/运费大于0/没有运费
23.附加费用为0/不存在附加费用/没有附加费用/只有材料费用/附加费用大于0/附加费用不为0/存在附加费用/有附加费用/附加费用小于0/附加费用不等于0
（材料类型）
24.常规附件/附件/非常规附件/非常规/钢材/玻璃/不锈钢/辅材/材料类型为常规附件/材料类型为附件/材料类型为非常规附件/材料类型为非常规/材料类型为钢材/材料类型为玻璃/材料类型为不锈钢/材料类型为辅材



三、要素组合要求
1.不需要加逗号的组合。比如[01]02表示的是，02紧接在01后面时，中间不需要加逗号。其余要素之间都加逗号分隔;;;;;;;;;;;;;;
[01]02;[08]09;[10]13;[11]13;[12]13;[13]14;[13]15;[13]16;;;;;;;
"2.裂变组合的要求，“；“之间不可以调换顺序，“|”之间可以任意调换顺序，“(x&y)""表示x和y元素必须按顺序捆绑出现";;;;;;;;;;;;;;
;;;;;;;;;;;;;;
查询货单;;;;;注释
(1);01;02|03;;;某个项目的货单
(2);01;02;03|05;;某个项目+状态的货单
(3);01;03|05;25;02;某个项目+状态的货单
(4);01;02;03|04;;某个项目+厂家的货单
(5);01;03|04;25;02;某个项目+厂家的货单
(6);01;02;03|04|05;;某个项目+厂家+状态的货单
(7);01;03|04|05;25;02;某个项目+厂家+状态的货单
(8);01;02;03|04|07;;某个项目+厂家+送货单号的货单
(9);01;03|04|07;25;02;某个项目+厂家+送货单号的货单
(10);01;02;03|04|06;;某个项目+厂家+发货单号/结算单号的货单
(11);01;03|04|06;25;02;某个项目+厂家+发货单号/结算单号的货单
(12);01;02;03|04|07|24;;某个项目+厂家+材料类型+送货单号的货单
(13);01;03|04|07|24;25;02;某个项目+厂家+材料类型+送货单号的货单
(14);01;02;03|04|06|24;;某个项目+厂家+材料类型+发货单号/结算单号的货单
(15);01;03|04|06|24;25;02;某个项目+厂家+材料类型+发货单号/结算单号的货单
(16);01;02;03|(08&09);;某个项目+总金额的货单
(17);01;03|(08&09);25;02;某个项目+总金额的货单
(18);01;02;04|(08&09);;某个厂家+总金额的货单
(19);01;04|(08&09);25;02;某个厂家+总金额的货单
(20);01;02;03|04|(08&09);;某个项目+厂家+总金额的货单
(21);01;03|04|(08&09);25;02;某个项目+厂家+总金额的货单
(22);01;02;03|04|05|(08&09);;某个项目+厂家+总金额+状态的货单
(23);01;03|04|05|(08&09);25;02;某个项目+厂家+总金额+状态的货单
(24);01;02;03|(10&13);;某个项目+提交时间的货单
(25);01;03|(10&13);25;02;某个项目+提交时间的货单
(26);01;02;03|(13&14);;某个项目+提交时间的货单
(27);01;03|(13&14);25;02;某个项目+提交时间的货单
(28);01;02;03|(10&13)|05;;某个项目+提交时间+状态的货单
(29);01;03|(10&13)|05;25;02;某个项目+提交时间+状态的货单
(30);01;02;03|(13&14)|05;;某个项目+提交时间+状态的货单
(31);01;03|(13&14)|05;25;02;某个项目+提交时间+状态的货单
(32);01;02;03|04|(10&13);;某个项目+厂家+提交时间的货单
(33);01;03|04|(10&13);25;02;某个项目+厂家+提交时间的货单
(34);01;02;03|04|(13&14);;某个项目+厂家+提交时间的货单
(35);01;03|04|(13&14);25;02;某个项目+厂家+提交时间的货单
(36);01;02;03|04|05|(10&13);;某个项目+厂家+提交时间+状态的货单
(37);01;03|04|05|(10&13);25;02;某个项目+厂家+提交时间+状态的货单
(38);01;02;03|04|05|(13&14);;某个项目+厂家+提交时间+状态的货单
(39);01;03|04|05|(13&14);25;02;某个项目+厂家+提交时间+状态的货单
(40);01;02;04|(12&13);;某个厂家+发货时间的货单
(41);01;04|(12&13);25;02;某个厂家+发货时间的货单
(42);01;02;04|(13&16);;某个厂家+发货时间的货单
(43);01;04|(13&16);25;02;某个厂家+发货时间的货单
(44);01;02;04|05|(12&13);;某个厂家+发货时间+状态的货单
(45);01;04|05|(12&13);25;02;某个厂家+发货时间+状态的货单
(46);01;02;04|05|(13&16);;某个厂家+发货时间+状态的货单
(47);01;04|05|(13&16);25;02;某个厂家+发货时间+状态的货单
(48);01;02;04|05|(12&13)|(10&13);;某个厂家+发货时间+提交时间+状态的货单
(49);01;04|05|(12&13)|(10&13);25;02;某个厂家+发货时间+提交时间+状态的货单
(50);01;02;04|05|(13&16)|(13&14);;某个厂家+发货时间+提交时间+状态的货单
(51);01;04|05|(13&16)|(13&14);25;02;某个厂家+发货时间+提交时间+状态的货单
(52);01;02;03|(10&13)|(11&13);;某个项目+提交时间+审核时间的状态
(53);01;03|(10&13)|(11&13);25;02;某个项目+提交时间+审核时间的状态
(54);01;02;03|(13&14)|(13&15);;某个项目+提交时间+审核时间的状态
(55);01;03|(13&14)|(13&15);25;02;某个项目+提交时间+审核时间的状态
(56);01;02;03|17;;某个项目+材料所属订单的货单
(57);01;03|17;25;02;某个项目+材料所属订单的货单
(58);01;02;17|18;;某个材料所属订单+材料编号的货单
(59);01;17|18;25;02;某个材料所属订单+材料编号的货单
(60);01;02;03|17|18;;某个项目+材料所属订单+材料编号的货单
(61);01;03|17|18;25;02;某个项目+材料所属订单+材料编号的货单
(62);01;02;17|18|24;;某个材料类型+材料所属订单+材料编号的货单
(63);01;17|18|24;25;02;某个材料类型+材料所属订单+材料编号的货单
(64);01;02;03|17|18|24;;某个项目+材料类型+材料所属订单+材料编号的货单
(65);01;03|17|18|24;25;02;某个项目+材料类型+材料所属订单+材料编号的货单
(66);01;02;03|18;;某个项目+材料编号的货单
(67);01;03|18;25;02;某个项目+材料编号的货单
(68);01;02;03|20;;某个项目+工程属性的货单
(69);01;03|20;25;02;某个项目+工程属性的货单
(70);01;02;03|19;;某个项目+工艺图的货单
(71);01;03|19;25;02;某个项目+工艺图的货单
(72);01;02;03|04|18;;某个项目+厂家+材料编号的货单
(73);01;03|04|18;25;02;某个项目+厂家+材料编号的货单
(74);01;02;03|04|20;;某个项目+厂家+工程属性的货单
(75);01;03|04|20;25;02;某个项目+厂家+工程属性的货单
(76);01;02;03|04|19;;某个项目+厂家+工艺图的货单
(77);01;03|04|19;25;02;某个项目+厂家+工艺图的货单
(78);01;02;03|18|24;;某个项目+材料类型+材料编号的货单
(79);01;03|18|24;25;02;某个项目+材料类型+材料编号的货单
(80);01;02;03|20|24;;某个项目+材料类型+工程属性的货单
(81);01;03|20|24;25;02;某个项目+材料类型+工程属性的货单
(82);01;02;03|19|24;;某个项目+材料类型+工艺图的货单
(83);01;03|19|24;25;02;某个项目+材料类型+工艺图的货单
(84);01;02;03|04|18|24;;某个项目+厂家+材料类型+材料编号的货单
(85);01;03|04|18|24;25;02;某个项目+厂家+材料类型+材料编号的货单
(86);01;02;03|04|20|24;;某个项目+厂家+材料类型+工程属性的货单
(87);01;03|04|20|24;25;02;某个项目+厂家+材料类型+工程属性的货单
(88);01;02;03|04|19|24;;某个项目+厂家+材料类型+工艺图的货单
(89);01;03|04|19|24;25;02;某个项目+厂家+材料类型+工艺图的货单
(90);01;02;03|04|23;;某个项目+厂家+附加费用的货单
(91);01;03|04|23;25;02;某个项目+厂家+附加费用的货单
(92);01;02;03|04|21;;某个项目+厂家+其他费用的货单
(93);01;03|04|21;25;02;某个项目+厂家+其他费用的货单
(94);01;02;03|04|22;;某个项目+厂家+运费的货单
(95);01;03|04|22;25;02;某个项目+厂家+运费的货单
(96);01;03|04|(13&15);25;02;某个项目+厂家+状态的货单+审核时间
(97);01;03|04|05|(13&15);25;02;某个项目+状态+审核时间+厂家的货单
(98);01;03|04|19|24;25;02;某个项目+材料类型+工艺图+厂家的货单



四、举例
查询货单，有附加费用，提交时间最近5天
看方大城项目，最近一个月，审核通过的货单

五，问题解析的格式
操作：查询
对象：货单信息审核单
项目：呼应03
供应商：呼应04
对象状态：呼应05
对象提交时间：呼应10和13/呼应13和14
对象审核时间：呼应11和13/呼应13和15
对象发货时间：呼应12和13/呼应13和16
对象下单时间：无
材料状态：无
材料类型：呼应24
材料工艺图：呼应19
材料工程属性：呼应20
材料所属订单：17
材料编号：呼应18
对象金额：呼应08和09
对象附加费用：呼应23
材料AI金额条件：无
对象审核单类型：无
材料是否异型：无
材料是否超长超宽：无
对象单号：呼应16
送货单号：呼应07
运费：呼应22
其他费用：呼应21
网版费：无
其他费用说明：无
人员姓名：无
人员工号：无
角色信息：无
人员项目：无